2.0	4.665532276441502e-07	6.6174869902635844	
2.0351758793969847	3.3148448549063533e-07	6.852309939003967	
2.07035175879397	2.3391371084889236e-07	7.091226936663858	
2.1055276381909547	3.8879610249305087e-07	6.613431596147103	
2.14070351758794	2.787185902534609e-07	6.836251287828116	
2.1758793969849246	1.986494842659727e-07	7.062762666708576	
2.2110552763819094	2.9632554666080863e-06	4.748102774608318	
2.2462311557788945	2.301418018922077e-06	4.900380512870422	
2.2814070351758793	1.7801988115692497e-06	5.055061732908926	
2.3165829145728645	1.371565723539018e-06	5.212146434723835	
2.351758793969849	1.052718498378891e-06	5.371634618315146	
2.3869346733668344	8.047621313832128e-07	5.533526283682861	
2.422110552763819	6.129384260016838e-07	5.697821430826979	
2.457286432160804	4.650617003479794e-07	5.864520059747497	
2.492462311557789	3.516138316868737e-07	6.033622170444422	
2.527638190954774	2.6488455162322034e-07	6.205127762917748	
2.5628140703517586	2.57404512349131e-06	4.240683106351843	
2.5979899497487438	2.066893703636383e-06	4.357892913547397	
2.6331658291457285	1.6555874386602552e-06	4.476700517530426	
2.6683417085427137	1.3228100108368588e-06	4.597105918300931	
2.7035175879396984	1.054240355354632e-06	4.719109115858911	
2.7386934673366836	8.382993718727428e-07	4.8427101102043695	
2.7738693467336684	6.65013214799762e-07	4.967908901337301	
2.809045226130653	5.264019290072956e-07	5.094705489257709	
2.8442211055276383	4.1565859169728136e-07	5.2230998739655945	
2.879396984924623	3.2750695452816556e-07	5.353092055460955	
2.914572864321608	2.5744021929567766e-07	5.48468203374379	
2.949748743718593	2.0190586059121238e-07	5.6178698088141035	
2.984924623115578	1.5801374276808153e-07	5.752655380671893	
3.020100502512563	1.2338437515976317e-07	5.889038749317156	
3.0552763819095476	9.614506004673047e-08	6.027019914749896	
3.090452261306533	7.475118890681542e-08	6.166598876970112	
3.1256281407035176	5.799438197593444e-08	6.307775635977802	
3.1608040201005023	4.4900172101988035e-08	6.45055019177297	
3.1959798994974875	3.4682617716549885e-08	6.594922544355614	
3.2311557788944723	2.6736146401581863e-08	6.740892693725733	
3.266331658291457	2.0566704453956392e-08	6.888460639883329	
3.301507537688442	1.5787580745392382e-08	7.0376263828284005	
3.3366834170854274	1.2094780329245088e-08	7.1883899225609476	
3.371859296482412	9.245564100495975e-09	7.340751259080971	
3.407035175879397	7.053201195865478e-09	7.49471039238847	
3.442211055276382	5.370032137571095e-09	7.650267322483444	
3.477386934673367	4.079398734307042e-09	7.807422049365895	
3.5125628140703515	3.0928593945649997e-09	7.96617457303582	
3.5477386934673367	2.340224140624027e-09	8.126524893493224	
3.582914572864322	1.7669557680689775e-09	8.288473010738103	
3.618090452261306	6.80122759180349e-08	5.1672795303938015	
3.6532663316582914	5.523529428467596e-08	5.268242829705837	
3.6884422110552766	4.4796678353998604e-08	5.370182968126628	
3.7236180904522613	3.628713431387976e-08	5.473099945656172	
3.758793969849246	2.935780927018903e-08	5.576993762294472	
3.7939698492462313	2.3718555332819563e-08	5.681864418041528	
3.829145728643216	1.9139686279936237e-08	5.787711912897336	
3.8643216080402008	1.5426345030253204e-08	5.8945362468619	
3.899497487437186	1.2416164375854624e-08	6.002337419935221	
3.934673366834171	9.981533079894604e-09	6.1111154321172965	
3.969849246231156	8.01479966278265e-09	6.220870283408126	
4.005025125628141	6.426952440811714e-09	6.33160197380771	
4.040201005025126	5.147385022735724e-09	6.4433105033160505	
4.075376884422111	4.1177190855792614e-09	6.555995871933147	
4.110552763819095	3.28982072148431e-09	6.669658079658993	
4.1457286432160805	2.624996028234361e-09	6.7842971264936	
4.180904522613066	8.107867319531006e-06	0.0	
4.21608040201005	7.421224001899761e-06	0.0	
4.251256281407035	6.791420599611572e-06	0.0	
4.28643216080402	6.2150853646198e-06	0.0	
4.321608040201005	5.6876768137281445e-06	0.0	
4.35678391959799	5.204486710635523e-06	0.0	
4.391959798994975	4.761933995218976e-06	0.0	
4.427135678391959	4.357045371521597e-06	0.0	
4.4623115577889445	3.986611710782906e-06	0.0	
4.49748743718593	3.6470292499250316e-06	0.0	
4.532663316582914	3.336352504287946e-06	0.0	
4.5678391959799	3.0521750902246037e-06	0.0	
4.603015075376884	2.792122172673776e-06	0.0	
4.638190954773869	2.5538229091787498e-06	0.0	
4.673366834170855	2.3358964394913514e-06	0.0	
4.708542713567839	2.1365971571149154e-06	0.0	
4.743718592964824	1.9541952582055218e-06	0.0	
4.778894472361809	1.7871694891896092e-06	0.0	
4.814070351758794	1.6344478650157477e-06	0.0	
4.849246231155779	1.494802208314559e-06	0.0	
4.884422110552764	1.3669996396051435e-06	0.0	
4.919597989949748	1.2499993315654084e-06	0.0	
4.954773869346734	1.1430354389888452e-06	0.0	
4.989949748743719	1.0452445363975288e-06	0.0	
5.025125628140703	9.557703093376388e-07	0.0	
5.060301507537688	8.738547599518381e-07	0.0	
5.0954773869346734	7.989772811033785e-07	0.0	
5.130653266331658	7.305312530865678e-07	0.0	
5.165829145728644	6.679415558787868e-07	0.0	
5.201005025125628	6.106265517548974e-07	0.0	
5.236180904522612	5.582427401744117e-07	0.0	
5.2713567839195985	5.103644218119708e-07	0.0	
5.306532663316583	4.666028065570541e-07	0.0	
5.341708542713568	4.265304236728964e-07	0.0	
5.376884422110553	3.89897779768157e-07	0.0	
5.4120603015075375	3.564200049949002e-07	0.0	
5.447236180904523	3.2582445110008e-07	0.0	
5.482412060301508	2.978363788746866e-07	0.0	
5.517587939698492	2.7222706588594965e-07	0.0	
5.552763819095477	2.488261690677302e-07	0.0	
5.5879396984924625	2.274425498312717e-07	0.0	
5.623115577889447	2.0790168905892153e-07	0.0	
5.658291457286432	1.900116478658732e-07	0.0	
5.693467336683417	1.736608409255823e-07	0.0	
5.7286432160804015	1.5872122714387978e-07	0.0	
5.763819095477387	1.4507055918471666e-07	0.0	
5.798994974874372	1.3259283619810067e-07	0.0	
5.834170854271356	1.2117109807216502e-07	0.0	
5.869346733668342	1.1073628714385275e-07	0.0	
5.9045226130653266	1.0120279823314155e-07	0.0	
5.939698492462312	9.249248698838495e-08	0.0	
5.974874371859297	8.452828091846522e-08	0.0	
6.010050251256281	7.724133626349301e-08	0.0	
6.045226130653266	7.05845501270606e-08	0.0	
6.080402010050252	6.450321702342214e-08	0.0	
6.115577889447236	5.8947403339750525e-08	0.0	
6.150753768844221	5.3867653350836e-08	0.0	
6.185929648241206	4.9220577673105063e-08	0.0	
6.221105527638191	4.497566970215117e-08	0.0	
6.256281407035176	4.1097989674049174e-08	0.0	
6.291457286432161	3.7555647879451187e-08	0.0	
6.326633165829145	3.431790957663854e-08	0.0	
6.36180904522613	3.135529197904818e-08	0.0	
6.396984924623116	2.8649252231720443e-08	0.0	
6.432160804020101	2.617748263698416e-08	0.0	
6.467336683417085	2.391962427101477e-08	0.0	
6.50251256281407	2.1857095740619664e-08	0.0	
6.5376884422110555	1.9969005913406777e-08	0.0	
6.57286432160804	1.824439815292873e-08	0.0	
6.608040201005025	1.666920665078707e-08	0.0	
6.64321608040201	1.523043662297958e-08	0.0	
6.678391959798995	1.391622872531533e-08	0.0	
6.71356783919598	1.2714367155304632e-08	0.0	
6.748743718592965	1.161552785710978e-08	0.0	
6.78391959798995	1.0611959347123139e-08	0.0	
6.819095477386934	9.695369689578281e-09	0.0	
6.8542713567839195	8.858192008446372e-09	0.0	
6.889447236180905	8.093520727664792e-09	0.0	
6.924623115577889	7.39362075007077e-09	0.0	
6.959798994974874	6.7543701200599894e-09	0.0	
6.994974874371859	6.170563703108516e-09	0.0	
7.030150753768845	5.637374414307479e-09	0.0	
7.065326633165829	5.150397342966952e-09	0.0	
7.100502512562814	4.705418375390093e-09	0.0	
7.135678391959799	4.298291382299469e-09	0.0	
7.1708542713567835	3.926502726366291e-09	0.0	
7.206030150753769	3.586973371782179e-09	0.0	
7.241206030150754	3.2768937851076473e-09	0.0	
7.276381909547738	2.993700216712314e-09	0.0	
7.311557788944723	2.7348943113526457e-09	0.0	
7.346733668341709	2.4981602679447975e-09	0.0	
7.381909547738694	2.2819829093234258e-09	0.0	
7.417085427135678	2.084570494651513e-09	0.0	
7.452261306532663	1.9042881529662036e-09	0.0	
7.4874371859296485	1.7396440753565683e-09	0.0	
7.522613065326633	1.5892149891909736e-09	0.0	
7.557788944723618	1.4515900746452334e-09	0.0	
7.592964824120603	1.325920797413918e-09	0.0	
7.628140703517587	1.2111647014650936e-09	0.0	
7.663316582914573	1.1063706267124634e-09	0.0	
7.698492462311558	1.0106706716232353e-09	0.0	
7.733668341708543	9.232728678320438e-10	0.0	
7.768844221105527	8.432938711864279e-10	0.0	
7.8040201005025125	7.70251429481871e-10	0.0	
7.839195979899498	7.035550066269493e-10	0.0	
7.874371859296482	6.426512629007433e-10	0.0	
7.909547738693467	5.870353124467299e-10	0.0	
7.944723618090452	5.362464589598723e-10	0.0	
7.9798994974874375	4.898169892363111e-10	0.0	
8.015075376884422	4.473694122680446e-10	0.0	
8.050251256281406	4.086115786032181e-10	0.0	
8.085427135678392	3.732216106116836e-10	0.0	
8.120603015075377	3.4090582800676614e-10	0.0	
8.155778894472363	3.1139626544188556e-10	0.0	
8.190954773869347	2.844484099283687e-10	0.0	
8.226130653266331	2.5979507804856914e-10	0.0	
8.261306532663315	2.372759496361629e-10	0.0	
8.296482412060302	2.1671462962155046e-10	0.0	
8.331658291457288	1.9794031215427158e-10	0.0	
8.366834170854272	1.807971539451594e-10	0.0	
8.402010050251256	1.651429572693966e-10	0.0	
8.43718592964824	1.508479695433865e-10	0.0	
8.472361809045225	1.3776572982339343e-10	0.0	
8.507537688442211	1.2582085941468073e-10	0.0	
8.542713567839197	1.1491470569006952e-10	0.0	
8.577889447236181	1.0495663401539488e-10	0.0	
8.613065326633166	9.586394968022068e-11	0.0	
8.64824120603015	8.756119909986616e-11	0.0	
8.683417085427136	7.99795328532571e-11	0.0	
8.71859296482412	7.304192264588139e-11	0.0	
8.753768844221106	6.670700254873724e-11	0.0	
8.78894472361809	6.092309984216874e-11	0.0	
8.824120603015075	5.564212598613247e-11	0.0	
8.85929648241206	5.082020554131974e-11	0.0	
8.894472361809045	4.641730538689781e-11	0.0	
8.929648241206031	4.239689674125693e-11	0.0	
8.964824120603016	3.872013755223128e-11	0.0	
9.0	3.5360896730692445e-11	0.0	
