2.0	5.364324125387832e-10	6.6174869902635844	
2.0351758793969847	3.252075448849713e-10	6.852309939003967	
2.07035175879397	1.9519019088729759e-10	7.091226936663858	
2.1055276381909547	4.107471481883576e-10	6.613431596147103	
2.14070351758794	2.522926047624266e-10	6.836251287828116	
2.1758793969849246	1.5365291449318857e-10	7.062762666708576	
2.2110552763819094	8.037784137635634e-09	4.748102774608318	
2.2462311557788945	5.551333990895736e-09	4.900380512870422	
2.2814070351758793	3.811455787723967e-09	5.055061732908926	
2.3165829145728645	2.6017089508348504e-09	5.212146434723835	
2.351758793969849	1.7660656311316117e-09	5.371634618315146	
2.3869346733668344	1.1918088513937841e-09	5.533526283682861	
2.422110552763819	7.999351885166201e-10	5.697821430826979	
2.457286432160804	5.339231518817362e-10	5.864520059747497	
2.492462311557789	3.5452766685742854e-10	6.033622170444422	
2.527638190954774	2.341695184445202e-10	6.205127762917748	
2.5628140703517586	6.5402066683733985e-09	4.240683106351843	
2.5979899497487438	4.742952147910003e-09	4.357892913547397	
2.6331658291457285	3.42722136804877e-09	4.476700517530426	
2.6683417085427137	2.4674111010301693e-09	4.597105918300931	
2.7035175879396984	1.769805337213634e-09	4.719109115858911	
2.7386934673366836	1.2652332615629623e-09	4.8427101102043695	
2.7738693467336684	9.013840779024508e-10	4.967908901337301	
2.809045226130653	6.401282253141474e-10	5.094705489257709	
2.8442211055276383	4.529605296013495e-10	5.2230998739655945	
2.879396984924623	3.195095726742974e-10	5.353092055460955	
2.914572864321608	2.2459612867634606e-10	5.48468203374379	
2.949748743718593	1.5735508170452768e-10	5.6178698088141035	
2.984924623115578	1.099012139441389e-10	5.752655380671893	
3.020100502512563	7.650473119986643e-11	5.889038749317156	
3.0552763819095476	5.309558969619662e-11	6.027019914749896	
3.090452261306533	3.672822481692782e-11	6.166598876970112	
3.1256281407035176	2.532733220856685e-11	6.307775635977802	
3.1608040201005023	1.7412162118354174e-11	6.45055019177297	
3.1959798994974875	1.1930380354872523e-11	6.594922544355614	
3.2311557788944723	8.15026670853593e-12	6.740892693725733	
3.266331658291457	5.550609649291268e-12	6.888460639883329	
3.301507537688442	3.768510330421256e-12	7.0376263828284005	
3.3366834170854274	2.5510974116879732e-12	7.1883899225609476	
3.371859296482412	1.7214632101033577e-12	7.340751259080971	
3.407035175879397	1.158180160415256e-12	7.49471039238847	
3.442211055276382	7.769479570710996e-13	7.650267322483444	
3.477386934673367	5.19499848551981e-13	7.807422049365895	
3.5125628140703515	3.4635909430879436e-13	7.96617457303582	
3.5477386934673367	2.302494570768119e-13	8.126524893493224	
3.582914572864322	1.525844370856971e-13	8.288473010738103	
3.618090452261306	3.1983019997542654e-11	5.1672795303938015	
3.6532663316582914	2.358260563983846e-11	5.268242829705837	
3.6884422110552766	1.7353425405519847e-11	5.370182968126628	
3.7236180904522613	1.2747172835056931e-11	5.473099945656172	
3.758793969849246	9.346690192381792e-12	5.576993762294472	
3.7939698492462313	6.83933547586025e-12	5.681864418041528	
3.829145728643216	4.99587381331182e-12	5.787711912897336	
3.8643216080402008	3.64292304330985e-12	5.8945362468619	
3.899497487437186	2.6509673797782077e-12	6.002337419935221	
3.934673366834171	1.9257736062048246e-12	6.1111154321172965	
3.969849246231156	1.3965384177468506e-12	6.220870283408126	
4.005025125628141	1.0107572429042957e-12	6.33160197380771	
4.040201005025126	7.302364889530497e-13	6.4433105033160505	
4.075376884422111	5.2666106064785e-13	6.555995871933147	
4.110552763819095	3.7912889211129764e-13	6.669658079658993	
4.1457286432160805	2.7241052314045497e-13	6.7842971264936	
4.180904522613066	3.509352262417369e-08	0.0	
4.21608040201005	3.0828556013143796e-08	0.0	
4.251256281407035	2.7074264415084895e-08	0.0	
4.28643216080402	2.37772801395022e-08	0.0	
4.321608040201005	2.088188254418595e-08	0.0	
4.35678391959799	1.8336291063803865e-08	0.0	
4.391959798994975	1.6098981148507714e-08	0.0	
4.427135678391959	1.4134812079767005e-08	0.0	
4.4623115577889445	1.2410414613111651e-08	0.0	
4.49748743718593	1.0893575708157472e-08	0.0	
4.532663316582914	9.562044882343687e-09	0.0	
4.5678391959799	8.393404863028647e-09	0.0	
4.603015075376884	7.3672804905453256e-09	0.0	
4.638190954773869	6.465107779047946e-09	0.0	
4.673366834170855	5.6735354304875696e-09	0.0	
4.708542713567839	4.978986317508657e-09	0.0	
4.743718592964824	4.369113370194319e-09	0.0	
4.778894472361809	3.833329125099651e-09	0.0	
4.814070351758794	3.36333363718551e-09	0.0	
4.849246231155779	2.9510361032719243e-09	0.0	
4.884422110552764	2.5890361274077507e-09	0.0	
4.919597989949748	2.271110744894764e-09	0.0	
4.954773869346734	1.9922829106104767e-09	0.0	
4.989949748743719	1.7477360911402482e-09	0.0	
5.025125628140703	1.5330899404975442e-09	0.0	
5.060301507537688	1.3445790312970752e-09	0.0	
5.0954773869346734	1.1792852762814772e-09	0.0	
5.130653266331658	1.0343437242052642e-09	0.0	
5.165829145728644	9.072020012470641e-10	0.0	
5.201005025125628	7.955210613380584e-10	0.0	
5.236180904522612	6.976125233999251e-10	0.0	
5.2713567839195985	6.117744897213178e-10	0.0	
5.306532663316583	5.365158853211262e-10	0.0	
5.341708542713568	4.704133863905647e-10	0.0	
5.376884422110553	4.1245250727972895e-10	0.0	
5.4120603015075375	3.6164601962409805e-10	0.0	
5.447236180904523	3.1710894969863425e-10	0.0	
5.482412060301508	2.780308567247301e-10	0.0	
5.517587939698492	2.4373515649470224e-10	0.0	
5.552763819095477	2.136779669735341e-10	0.0	
5.5879396984924625	1.8733429344403772e-10	0.0	
5.623115577889447	1.6424433913040125e-10	0.0	
5.658291457286432	1.4396922931682218e-10	0.0	
5.693467336683417	1.261967503233476e-10	0.0	
5.7286432160804015	1.1062248523221747e-10	0.0	
5.763819095477387	9.697392889200651e-11	0.0	
5.798994974874372	8.500832341036378e-11	0.0	
5.834170854271356	7.45036293567568e-11	0.0	
5.869346733668342	6.52996537979648e-11	0.0	
5.9045226130653266	5.7234960104166046e-11	0.0	
5.939698492462312	5.016820289249767e-11	0.0	
5.974874371859297	4.3971251279715347e-11	0.0	
6.010050251256281	3.8533553154931695e-11	0.0	
6.045226130653266	3.376968832787896e-11	0.0	
6.080402010050252	2.959595795108817e-11	0.0	
6.115577889447236	2.5939088262116246e-11	0.0	
6.150753768844221	2.273253323946238e-11	0.0	
6.185929648241206	1.9919364032477895e-11	0.0	
6.221105527638191	1.7455049609544293e-11	0.0	
6.256281407035176	1.5296225894654378e-11	0.0	
6.291457286432161	1.340493400879443e-11	0.0	
6.326633165829145	1.1747128746174446e-11	0.0	
6.36180904522613	1.0292418713759582e-11	0.0	
6.396984924623116	9.018230813727556e-12	0.0	
6.432160804020101	7.9021093363424e-12	0.0	
6.467336683417085	6.924399621773741e-12	0.0	
6.50251256281407	6.067897554957637e-12	0.0	
6.5376884422110555	5.316010597670708e-12	0.0	
6.57286432160804	4.657434631928478e-12	0.0	
6.608040201005025	4.080615729456726e-12	0.0	
6.64321608040201	3.575380369881279e-12	0.0	
6.678391959798995	3.1328244130515313e-12	0.0	
6.71356783919598	2.7447141609217765e-12	0.0	
6.748743718592965	2.404449969221801e-12	0.0	
6.78391959798995	2.106456814874992e-12	0.0	
6.819095477386934	1.845470868108578e-12	0.0	
6.8542713567839195	1.616885559557903e-12	0.0	
6.889447236180905	1.4166692580358507e-12	0.0	
6.924623115577889	1.2409411728834585e-12	0.0	
6.959798994974874	1.087040263062681e-12	0.0	
6.994974874371859	9.522655588760612e-13	0.0	
7.030150753768845	8.342345564237135e-13	0.0	
7.065326633165829	7.308623247020896e-13	0.0	
7.100502512562814	6.402855215476073e-13	0.0	
7.135678391959799	5.608207551794037e-13	0.0	
7.1708542713567835	4.912388339519827e-13	0.0	
7.206030150753769	4.303077506170433e-13	0.0	
7.241206030150754	3.76949491743387e-13	0.0	
7.276381909547738	3.3022073106592707e-13	0.0	
7.311557788944723	2.8927136113787695e-13	0.0	
7.346733668341709	2.5335511897624223e-13	0.0	
7.381909547738694	2.219075096751756e-13	0.0	
7.417085427135678	1.943712580440598e-13	0.0	
7.452261306532663	1.7025876840944685e-13	0.0	
7.4874371859296485	1.4914338628053983e-13	0.0	
7.522613065326633	1.3064430340663058e-13	0.0	
7.557788944723618	1.1441626390666331e-13	0.0	
7.592964824120603	1.0020813797747637e-13	0.0	
7.628140703517587	8.776792626677597e-14	0.0	
7.663316582914573	7.687514968789444e-14	0.0	
7.698492462311558	6.733689534120499e-14	0.0	
7.733668341708543	5.898436008841096e-14	0.0	
7.768844221105527	5.165542064910407e-14	0.0	
7.8040201005025125	4.5237834997317005e-14	0.0	
7.839195979899498	3.961915950101734e-14	0.0	
7.874371859296482	3.4699716560284173e-14	0.0	
7.909547738693467	3.039229630262196e-14	0.0	
7.944723618090452	2.6620592716690446e-14	0.0	
7.9798994974874375	2.3314538437402424e-14	0.0	
8.015075376884422	2.0416523679250198e-14	0.0	
8.050251256281406	1.7879454067683293e-14	0.0	
8.085427135678392	1.5658274057966447e-14	0.0	
8.120603015075377	1.371356622541185e-14	0.0	
8.155778894472363	1.201084376482515e-14	0.0	
8.190954773869347	1.05199320472744e-14	0.0	
8.226130653266331	9.212140181118613e-15	0.0	
8.261306532663315	8.066801963492256e-15	0.0	
8.296482412060302	7.064141615507644e-15	0.0	
8.331658291457288	6.186346681848044e-15	0.0	
8.366834170854272	5.417833870742495e-15	0.0	
8.402010050251256	4.744969328986537e-15	0.0	
8.43718592964824	4.1558241238117315e-15	0.0	
8.472361809045225	3.6388751945944574e-15	0.0	
8.507537688442211	3.1863347235112075e-15	0.0	
8.542713567839197	2.7901817174532943e-15	0.0	
8.577889447236181	2.443375200380907e-15	0.0	
8.613065326633166	2.1397554676669536e-15	0.0	
8.64824120603015	1.8739334932948044e-15	0.0	
8.683417085427136	1.6411942561896714e-15	0.0	
8.71859296482412	1.4370030708016828e-15	0.0	
8.753768844221106	1.258241595951106e-15	0.0	
8.78894472361809	1.1017599475224023e-15	0.0	
8.824120603015075	9.64775481862823e-16	0.0	
8.85929648241206	8.448538989516978e-16	0.0	
8.894472361809045	7.398655233468037e-16	0.0	
8.929648241206031	6.479470877211711e-16	0.0	
8.964824120603016	5.673501112375845e-16	0.0	
9.0	4.967509066990112e-16	0.0	
